1.00  1.1318E-2
2.00  5.5045E-3
3.00  4.2953E-3
4.00  3.6056E-3
5.00  3.8948E-3
6.00  4.2610E-3
7.00  5.6609E-3
8.00  8.0871E-3
9.00  1.3466E-2
10.00  2.4768E-2
11.00  4.8904E-2
12.00  9.6587E-2
13.00  0.1796E+0
14.00  0.2985E+0
15.00  0.4269E+0
16.00  0.5196E+0
17.00  0.5592E+0
18.00  0.6000E+0
19.00  0.7038E+0
20.00  0.8285E+0
21.00  0.8831E+0
22.00  0.9098E+0
23.00  1.0010E+0
24.00  1.0834E+0
25.00  1.0948E+0
26.00  1.1440E+0
27.00  1.2180E+0
28.00  1.2241E+0
29.00  1.2562E+0
30.00  1.3092E+0
31.00  1.3042E+0
32.00  1.3363E+0
33.00  1.3637E+0
34.00  1.3519E+0
35.00  1.3866E+0
36.00  1.3855E+0
37.00  1.3840E+0
38.00  1.4065E+0
39.00  1.3881E+0
40.00  1.4038E+0
41.00  1.3958E+0
42.00  1.3904E+0
43.00  1.3988E+0
44.00  1.3759E+0
45.00  1.3878E+0
46.00  1.3695E+0
47.00  1.3660E+0
48.00  1.3595E+0
49.00  1.3454E+0
50.00  1.3447E+0
51.00  1.3241E+0
52.00  1.3267E+0
53.00  1.3031E+0
54.00  1.3035E+0
55.00  1.2859E+0
56.00  1.2760E+0
57.00  1.2672E+0
58.00  1.2504E+0
59.00  1.2455E+0
60.00  1.2264E+0
61.00  1.2230E+0
62.00  1.2016E+0
63.00  1.1993E+0
64.00  1.1795E+0
65.00  1.1745E+0
66.00  1.1577E+0
67.00  1.1490E+0
68.00  1.1356E+0
69.00  1.1261E+0
70.00  1.1131E+0
71.00  1.1021E+0
72.00  1.0918E+0
73.00  1.0780E+0
74.00  1.0715E+0
75.00  1.0544E+0
76.00  1.0494E+0
77.00  1.0330E+0
78.00  1.0280E+0
79.00  1.0124E+0
80.00  1.0063E+0
81.00  0.9910E+0
82.00  0.9861E+0
83.00  0.9716E+0
84.00  0.9655E+0
85.00  0.9506E+0
86.00  0.9468E+0
87.00  0.9327E+0
88.00  0.9258E+0
89.00  0.9140E+0
90.00  0.9090E+0
91.00  0.8938E+0
92.00  0.8915E+0
93.00  0.8762E+0
94.00  0.8728E+0
95.00  0.8598E+0
96.00  0.8541E+0
97.00  0.8434E+0
98.00  0.8369E+0
99.00  0.8259E+0
100.00  0.8217E+0
101.00  0.8087E+0
102.00  0.8057E+0
103.00  0.7934E+0
104.00  0.7889E+0
105.00  0.7790E+0
106.00  0.7728E+0
107.00  0.7637E+0
108.00  0.7580E+0
109.00  0.7492E+0
110.00  0.7427E+0
111.00  0.7351E+0
112.00  0.7286E+0
113.00  0.7206E+0
114.00  0.7152E+0
115.00  0.7072E+0
116.00  0.7004E+0
117.00  0.6958E+0
118.00  0.6866E+0
119.00  0.6828E+0
120.00  0.6740E+0
121.00  0.6710E+0
122.00  0.6611E+0
123.00  0.6584E+0
124.00  0.6508E+0
125.00  0.6462E+0
126.00  0.6386E+0
127.00  0.6355E+0
128.00  0.6279E+0
129.00  0.6245E+0
130.00  0.6164E+0
131.00  0.6149E+0
132.00  0.6073E+0
133.00  0.6035E+0
134.00  0.5978E+0
135.00  0.5936E+0
136.00  0.5901E+0
137.00  0.5829E+0
138.00  0.5810E+0
139.00  0.5741E+0
140.00  0.5737E+0
141.00  0.5661E+0
142.00  0.5642E+0
143.00  0.5581E+0
144.00  0.5562E+0
145.00  0.5524E+0
146.00  0.5489E+0
147.00  0.5447E+0
148.00  0.5409E+0
149.00  0.5382E+0
150.00  0.5352E+0
151.00  0.5329E+0
152.00  0.5295E+0
153.00  0.5268E+0
154.00  0.5230E+0
155.00  0.5215E+0
156.00  0.5173E+0
157.00  0.5176E+0
158.00  0.5127E+0
159.00  0.5138E+0
160.00  0.5085E+0
161.00  0.5089E+0
162.00  0.5047E+0
163.00  0.5035E+0
164.00  0.5024E+0
165.00  0.4986E+0
166.00  0.5009E+0
167.00  0.4948E+0
168.00  0.4993E+0
169.00  0.4925E+0
170.00  0.4970E+0
171.00  0.4917E+0
172.00  0.4936E+0
173.00  0.4921E+0
174.00  0.4898E+0
175.00  0.4936E+0
176.00  0.4856E+0
177.00  0.4955E+0
178.00  0.4826E+0
179.00  0.4986E+0