1.00  6.4162E-2
2.00  0.1243E+0
3.00  6.6985E-2
4.00  0.1244E+0
5.00  7.4958E-2
6.00  0.1271E+0
7.00  9.1933E-2
8.00  0.1243E+0
9.00  0.1268E+0
10.00  0.1195E+0
11.00  0.1973E+0
12.00  0.1783E+0
13.00  0.2946E+0
14.00  0.5257E+0
15.00  0.2562E+0
16.00  1.0609E+0
17.00  0.3339E+0
18.00  0.6424E+0
19.00  1.2623E+0
20.00  0.6222E+0
21.00  0.6809E+0
22.00  1.4324E+0
23.00  1.2821E+0
24.00  0.7004E+0
25.00  0.9628E+0
26.00  1.5987E+0
27.00  1.5884E+0
28.00  1.0380E+0
29.00  0.9067E+0
30.00  1.3367E+0
31.00  1.6838E+0
32.00  1.6372E+0
33.00  1.3096E+0
34.00  1.0826E+0
35.00  1.2092E+0
36.00  1.4625E+0
37.00  1.6212E+0
38.00  1.6083E+0
39.00  1.4290E+0
40.00  1.3023E+0
41.00  1.2535E+0
42.00  1.3031E+0
43.00  1.4000E+0
44.00  1.4431E+0
45.00  1.4763E+0
46.00  1.4446E+0
47.00  1.4122E+0
48.00  1.3733E+0
49.00  1.3286E+0
50.00  1.3000E+0
51.00  1.2604E+0
52.00  1.2596E+0
53.00  1.2554E+0
54.00  1.2943E+0
55.00  1.3260E+0
56.00  1.3569E+0
57.00  1.3668E+0
58.00  1.3378E+0
59.00  1.2947E+0
60.00  1.2226E+0
61.00  1.1688E+0
62.00  1.1146E+0
63.00  1.1055E+0
64.00  1.1051E+0
65.00  1.1383E+0
66.00  1.1680E+0
67.00  1.2001E+0
68.00  1.2150E+0
69.00  1.2157E+0
70.00  1.1963E+0
71.00  1.1661E+0
72.00  1.1307E+0
73.00  1.0921E+0
74.00  1.0650E+0
75.00  1.0345E+0
76.00  1.0219E+0
77.00  1.0036E+0
78.00  0.9998E+0
79.00  0.9876E+0
80.00  0.9853E+0
81.00  0.9762E+0
82.00  0.9785E+0
83.00  0.9746E+0
84.00  0.9819E+0
85.00  0.9842E+0
86.00  0.9994E+0
87.00  1.0044E+0
88.00  1.0151E+0
89.00  1.0162E+0
90.00  1.0185E+0
91.00  1.0029E+0
92.00  0.9945E+0
93.00  0.9662E+0
94.00  0.9476E+0
95.00  0.9178E+0
96.00  0.8972E+0
97.00  0.8766E+0
98.00  0.8655E+0
99.00  0.8572E+0
100.00  0.8621E+0
101.00  0.8640E+0
102.00  0.8800E+0
103.00  0.8888E+0
104.00  0.9052E+0
105.00  0.9144E+0
106.00  0.9243E+0
107.00  0.9273E+0
108.00  0.9300E+0
109.00  0.9262E+0
110.00  0.9231E+0
111.00  0.9186E+0
112.00  0.9144E+0
113.00  0.9117E+0
114.00  0.9132E+0
115.00  0.9151E+0
116.00  0.9201E+0
117.00  0.9304E+0
118.00  0.9346E+0
119.00  0.9457E+0
120.00  0.9483E+0
121.00  0.9544E+0
122.00  0.9476E+0
123.00  0.9445E+0
124.00  0.9285E+0
125.00  0.9106E+0
126.00  0.8839E+0
127.00  0.8568E+0
128.00  0.8209E+0
129.00  0.7854E+0
130.00  0.7465E+0
131.00  0.7107E+0
132.00  0.6721E+0
133.00  0.6374E+0
134.00  0.6065E+0
135.00  0.5787E+0
136.00  0.5569E+0
137.00  0.5348E+0
138.00  0.5241E+0
139.00  0.5108E+0
140.00  0.5089E+0
141.00  0.5024E+0
142.00  0.5054E+0
143.00  0.5058E+0
144.00  0.5119E+0
145.00  0.5173E+0
146.00  0.5226E+0
147.00  0.5295E+0
148.00  0.5333E+0
149.00  0.5405E+0
150.00  0.5428E+0
151.00  0.5478E+0
152.00  0.5478E+0
153.00  0.5489E+0
154.00  0.5463E+0
155.00  0.5451E+0
156.00  0.5413E+0
157.00  0.5375E+0
158.00  0.5314E+0
159.00  0.5253E+0
160.00  0.5176E+0
161.00  0.5096E+0
162.00  0.5012E+0
163.00  0.4925E+0
164.00  0.4845E+0
165.00  0.4749E+0
166.00  0.4684E+0
167.00  0.4581E+0
168.00  0.4528E+0
169.00  0.4425E+0
170.00  0.4379E+0
171.00  0.4291E+0
172.00  0.4242E+0
173.00  0.4185E+0
174.00  0.4124E+0
175.00  0.4108E+0
176.00  0.4032E+0
177.00  0.4059E+0
178.00  0.3971E+0
179.00  0.4047E+0