1.00  1.1124E-2
2.00  5.6647E-3
3.00  4.1618E-3
4.00  3.7075E-3
5.00  3.8337E-3
6.00  4.2762E-3
7.00  5.7105E-3
8.00  7.9650E-3
9.00  1.3687E-2
10.00  2.4429E-2
11.00  4.9400E-2
12.00  9.5938E-2
13.00  0.1802E+0
14.00  0.2981E+0
15.00  0.4265E+0
16.00  0.5211E+0
17.00  0.5577E+0
18.00  0.6004E+0
19.00  0.7049E+0
20.00  0.8270E+0
21.00  0.8827E+0
22.00  0.9109E+0
23.00  1.0010E+0
24.00  1.0822E+0
25.00  1.0944E+0
26.00  1.1448E+0
27.00  1.2188E+0
28.00  1.2241E+0
29.00  1.2554E+0
30.00  1.3088E+0
31.00  1.3046E+0
32.00  1.3370E+0
33.00  1.3641E+0
34.00  1.3515E+0
35.00  1.3859E+0
36.00  1.3851E+0
37.00  1.3843E+0
38.00  1.4068E+0
39.00  1.3885E+0
40.00  1.4042E+0
41.00  1.3954E+0
42.00  1.3901E+0
43.00  1.3984E+0
44.00  1.3759E+0
45.00  1.3881E+0
46.00  1.3698E+0
47.00  1.3664E+0
48.00  1.3595E+0
49.00  1.3450E+0
50.00  1.3443E+0
51.00  1.3237E+0
52.00  1.3264E+0
53.00  1.3027E+0
54.00  1.3038E+0
55.00  1.2867E+0
56.00  1.2768E+0
57.00  1.2680E+0
58.00  1.2508E+0
59.00  1.2459E+0
60.00  1.2264E+0
61.00  1.2226E+0
62.00  1.2009E+0
63.00  1.1989E+0
64.00  1.1791E+0
65.00  1.1749E+0
66.00  1.1593E+0
67.00  1.1516E+0
68.00  1.1398E+0
69.00  1.1318E+0
70.00  1.1204E+0
71.00  1.1104E+0
72.00  1.1009E+0
73.00  1.0879E+0
74.00  1.0822E+0
75.00  1.0647E+0
76.00  1.0593E+0
77.00  1.0422E+0
78.00  1.0368E+0
79.00  1.0204E+0
80.00  1.0139E+0
81.00  0.9987E+0
82.00  0.9941E+0
83.00  0.9807E+0
84.00  0.9758E+0
85.00  0.9636E+0
86.00  0.9632E+0
87.00  0.9529E+0
88.00  0.9510E+0
89.00  0.9449E+0
90.00  0.9468E+0
91.00  0.9384E+0
92.00  0.9441E+0
93.00  0.9369E+0
94.00  0.9418E+0
95.00  0.9373E+0
96.00  0.9399E+0
97.00  0.9376E+0
98.00  0.9392E+0
99.00  0.9357E+0
100.00  0.9384E+0
101.00  0.9312E+0
102.00  0.9342E+0
103.00  0.9262E+0
104.00  0.9251E+0
105.00  0.9182E+0
106.00  0.9132E+0
107.00  0.9052E+0
108.00  0.8987E+0
109.00  0.8888E+0
110.00  0.8797E+0
111.00  0.8694E+0
112.00  0.8579E+0
113.00  0.8457E+0
114.00  0.8339E+0
115.00  0.8198E+0
116.00  0.8049E+0
117.00  0.7931E+0
118.00  0.7744E+0
119.00  0.7625E+0
120.00  0.7439E+0
121.00  0.7316E+0
122.00  0.7114E+0
123.00  0.6992E+0
124.00  0.6805E+0
125.00  0.6653E+0
126.00  0.6477E+0
127.00  0.6336E+0
128.00  0.6161E+0
129.00  0.6008E+0
130.00  0.5840E+0
131.00  0.5707E+0
132.00  0.5539E+0
133.00  0.5394E+0
134.00  0.5249E+0
135.00  0.5108E+0
136.00  0.4982E+0
137.00  0.4814E+0
138.00  0.4715E+0
139.00  0.4559E+0
140.00  0.4471E+0
141.00  0.4314E+0
142.00  0.4223E+0
143.00  0.4093E+0
144.00  0.4002E+0
145.00  0.3899E+0
146.00  0.3789E+0
147.00  0.3700E+0
148.00  0.3591E+0
149.00  0.3524E+0
150.00  0.3425E+0
151.00  0.3362E+0
152.00  0.3268E+0
153.00  0.3202E+0
154.00  0.3121E+0
155.00  0.3061E+0
156.00  0.2995E+0
157.00  0.2942E+0
158.00  0.2883E+0
159.00  0.2832E+0
160.00  0.2776E+0
161.00  0.2727E+0
162.00  0.2680E+0
163.00  0.2634E+0
164.00  0.2602E+0
165.00  0.2555E+0
166.00  0.2538E+0
167.00  0.2489E+0
168.00  0.2482E+0
169.00  0.2435E+0
170.00  0.2431E+0
171.00  0.2394E+0
172.00  0.2383E+0
173.00  0.2365E+0
174.00  0.2340E+0
175.00  0.2349E+0
176.00  0.2304E+0
177.00  0.2343E+0
178.00  0.2278E+0
179.00  0.2349E+0