        34.        55.        0.9        60.
        34.       66.4        0.8        40.
        34.       78.1       0.76        40.
        34.       83.5        0.6        70.
        34.       88.5       0.36        50.
        34.        92.        0.8        40.
        34.       93.8       0.55        29.
        34.       96.7       0.19        70.
        34.       99.5       0.24        40.
        34.      101.7       0.52        40.
        34.      104.2       0.47        26.
        34.      107.4       0.47        15.
        34.      109.2       0.47        30.
        34.      114.5       0.42        50.
        34.       117.       0.36        30.
        34.      118.8        0.3        17.
        34.      121.6       0.29        21.
        34.      123.1       0.24        80.
        34.      125.6        0.3        30.
        34.      132.7        0.2        30.
        34.      143.4       0.38        40.
        34.      147.3       0.22        50.
        34.      155.5       0.21        40.
        34.      159.4       0.29        30.
        34.       163.       0.24        29.