1.00  1.2031E-2
2.00  5.0376E-3
3.00  4.8812E-3
4.00  3.1915E-3
5.00  4.4040E-3
6.00  3.9542E-3
7.00  5.9705E-3
8.00  8.0805E-3
9.00  1.3327E-2
10.00  2.5364E-2
11.00  4.8108E-2
12.00  9.7721E-2
13.00  0.1791E+0
14.00  0.2976E+0
15.00  0.4310E+0
16.00  0.5137E+0
17.00  0.5656E+0
18.00  0.6008E+0
19.00  0.6987E+0
20.00  0.8339E+0
21.00  0.8875E+0
22.00  0.9062E+0
23.00  1.0001E+0
24.00  1.0889E+0
25.00  1.0989E+0
26.00  1.1430E+0
27.00  1.2164E+0
28.00  1.2264E+0
29.00  1.2612E+0
30.00  1.3134E+0
31.00  1.3050E+0
32.00  1.3353E+0
33.00  1.3638E+0
34.00  1.3546E+0
35.00  1.3912E+0
36.00  1.3898E+0
37.00  1.3861E+0
38.00  1.4065E+0
39.00  1.3879E+0
40.00  1.4049E+0
41.00  1.3986E+0
42.00  1.3941E+0
43.00  1.4028E+0
44.00  1.3787E+0
45.00  1.3893E+0
46.00  1.3701E+0
47.00  1.3670E+0
48.00  1.3609E+0
49.00  1.3476E+0
50.00  1.3476E+0
51.00  1.3275E+0
52.00  1.3302E+0
53.00  1.3060E+0
54.00  1.3058E+0
55.00  1.2876E+0
56.00  1.2770E+0
57.00  1.2680E+0
58.00  1.2514E+0
59.00  1.2475E+0
60.00  1.2291E+0
61.00  1.2269E+0
62.00  1.2066E+0
63.00  1.2052E+0
64.00  1.1853E+0
65.00  1.1800E+0
66.00  1.1622E+0
67.00  1.1520E+0
68.00  1.1364E+0
69.00  1.1245E+0
70.00  1.1092E+0
71.00  1.0957E+0
72.00  1.0836E+0
73.00  1.0685E+0
74.00  1.0617E+0
75.00  1.0447E+0
76.00  1.0406E+0
77.00  1.0255E+0
78.00  1.0230E+0
79.00  1.0097E+0
80.00  1.0062E+0
81.00  0.9936E+0
82.00  0.9909E+0
83.00  0.9780E+0
84.00  0.9723E+0
85.00  0.9569E+0
86.00  0.9512E+0
87.00  0.9334E+0
88.00  0.9215E+0
89.00  0.9029E+0
90.00  0.8892E+0
91.00  0.8642E+0
92.00  0.8497E+0
93.00  0.8217E+0
94.00  0.8036E+0
95.00  0.7752E+0
96.00  0.7529E+0
97.00  0.7249E+0
98.00  0.7007E+0
99.00  0.6717E+0
100.00  0.6487E+0
101.00  0.6184E+0
102.00  0.5967E+0
103.00  0.5679E+0
104.00  0.5456E+0
105.00  0.5204E+0
106.00  0.4987E+0
107.00  0.4756E+0
108.00  0.4564E+0
109.00  0.4357E+0
110.00  0.4183E+0
111.00  0.4011E+0
112.00  0.3854E+0
113.00  0.3704E+0
114.00  0.3579E+0
115.00  0.3454E+0
116.00  0.3336E+0
117.00  0.3256E+0
118.00  0.3147E+0
119.00  0.3082E+0
120.00  0.2998E+0
121.00  0.2953E+0
122.00  0.2879E+0
123.00  0.2849E+0
124.00  0.2798E+0
125.00  0.2773E+0
126.00  0.2726E+0
127.00  0.2724E+0
128.00  0.2683E+0
129.00  0.2685E+0
130.00  0.2646E+0
131.00  0.2662E+0
132.00  0.2634E+0
133.00  0.2634E+0
134.00  0.2622E+0
135.00  0.2619E+0
136.00  0.2626E+0
137.00  0.2607E+0
138.00  0.2617E+0
139.00  0.2599E+0
140.00  0.2619E+0
141.00  0.2601E+0
142.00  0.2607E+0
143.00  0.2593E+0
144.00  0.2601E+0
145.00  0.2595E+0
146.00  0.2601E+0
147.00  0.2585E+0
148.00  0.2589E+0
149.00  0.2572E+0
150.00  0.2581E+0
151.00  0.2570E+0
152.00  0.2574E+0
153.00  0.2566E+0
154.00  0.2552E+0
155.00  0.2556E+0
156.00  0.2531E+0
157.00  0.2552E+0
158.00  0.2519E+0
159.00  0.2546E+0
160.00  0.2511E+0
161.00  0.2529E+0
162.00  0.2505E+0
163.00  0.2501E+0
164.00  0.2501E+0
165.00  0.2476E+0
166.00  0.2499E+0
167.00  0.2458E+0
168.00  0.2497E+0
169.00  0.2450E+0
170.00  0.2486E+0
171.00  0.2452E+0
172.00  0.2468E+0
173.00  0.2462E+0
174.00  0.2445E+0
175.00  0.2476E+0
176.00  0.2421E+0
177.00  0.2491E+0
178.00  0.2400E+0
179.00  0.2511E+0