1.00  7.5271E-12
2.00  9.3536E-12
3.00  1.1751E-11
4.00  1.3990E-11
5.00  1.5410E-11
6.00  1.5639E-11
7.00  1.4685E-11
8.00  1.2895E-11
9.00  1.0814E-11
10.00  8.9821E-12
11.00  7.7618E-12
12.00  7.2631E-12
13.00  7.3531E-12
14.00  7.7559E-12
15.00  8.1901E-12
16.00  8.4658E-12
17.00  8.5382E-12
18.00  8.4854E-12
19.00  8.4326E-12
20.00  8.4951E-12
21.00  8.7083E-12
22.00  9.0407E-12
23.00  9.4162E-12
24.00  9.7682E-12
25.00  1.0064E-11
26.00  1.0320E-11
27.00  1.0586E-11
28.00  1.0904E-11
29.00  1.1298E-11
30.00  1.1757E-11
31.00  1.2256E-11
32.00  1.2770E-11
33.00  1.3292E-11
34.00  1.3822E-11
35.00  1.4335E-11
36.00  1.4749E-11
37.00  1.4931E-11
38.00  1.4737E-11
39.00  1.4119E-11
40.00  1.3275E-11
41.00  1.2809E-11
42.00  1.3908E-11
43.00  1.8398E-11
44.00  2.8669E-11
45.00  4.7404E-11
46.00  7.7422E-11
47.00  1.2152E-10
48.00  1.8281E-10
49.00  2.6577E-10
50.00  3.7900E-10
51.00  5.3759E-10
52.00  7.7109E-10
53.00  1.1292E-9
54.00  1.6937E-9
55.00  2.5912E-9
56.00  4.0031E-9
57.00  6.1914E-9
58.00  9.5140E-9
59.00  1.4450E-8
60.00  2.1629E-8
61.00  3.1837E-8
62.00  4.6152E-8
63.00  6.5865E-8
64.00  9.2656E-8
65.00  1.2858E-7
66.00  1.7626E-7
67.00  2.3897E-7
68.00  3.2052E-7
69.00  4.2593E-7
70.00  5.6126E-7
71.00  7.3355E-7
72.00  9.5160E-7
73.00  1.2256E-6
74.00  1.5678E-6
75.00  1.9928E-6
76.00  2.5169E-6
77.00  3.1583E-6
78.00  3.9405E-6
79.00  4.8870E-6
80.00  6.0252E-6
81.00  7.3883E-6
82.00  9.0095E-6
83.00  1.0926E-5
84.00  1.3181E-5
85.00  1.5819E-5
86.00  1.8889E-5
87.00  2.2450E-5
88.00  2.6538E-5
89.00  3.1231E-5
90.00  3.6589E-5
91.00  4.2691E-5
92.00  4.9574E-5
93.00  5.7319E-5
94.00  6.6021E-5
95.00  7.5760E-5
96.00  8.6574E-5
97.00  9.8562E-5
98.00  1.1182E-4
99.00  1.2643E-4
100.00  1.4243E-4
101.00  1.5995E-4
102.00  1.7904E-4
103.00  1.9986E-4
104.00  2.2216E-4
105.00  2.4641E-4
106.00  2.7261E-4
107.00  3.0077E-4
108.00  3.3069E-4
109.00  3.6276E-4
110.00  3.9699E-4
111.00  4.3336E-4
112.00  4.7189E-4
113.00  5.1256E-4
114.00  5.5559E-4
115.00  6.0076E-4
116.00  6.4828E-4
117.00  6.9815E-4
118.00  7.5017E-4
119.00  8.0434E-4
120.00  8.6086E-4
121.00  9.1952E-4
122.00  9.8034E-4
123.00  1.0433E-3
124.00  1.1084E-3
125.00  1.1755E-3
126.00  1.2445E-3
127.00  1.3153E-3
128.00  1.3879E-3
129.00  1.4622E-3
130.00  1.5381E-3
131.00  1.6155E-3
132.00  1.6943E-3
133.00  1.7743E-3
134.00  1.8557E-3
135.00  1.9380E-3
136.00  2.0201E-3
137.00  2.1042E-3
138.00  2.1903E-3
139.00  2.2744E-3
140.00  2.3604E-3
141.00  2.4465E-3
142.00  2.5325E-3
143.00  2.6166E-3
144.00  2.7026E-3
145.00  2.7887E-3
146.00  2.8728E-3
147.00  2.9569E-3
148.00  3.0410E-3
149.00  3.1231E-3
150.00  3.2052E-3
151.00  3.2854E-3
152.00  3.3636E-3
153.00  3.4399E-3
154.00  3.5162E-3
155.00  3.5905E-3
156.00  3.6628E-3
157.00  3.7332E-3
158.00  3.8017E-3
159.00  3.8682E-3
160.00  3.9308E-3
161.00  3.9914E-3
162.00  4.0501E-3
163.00  4.1068E-3
164.00  4.1596E-3
165.00  4.2104E-3
166.00  4.2593E-3
167.00  4.3043E-3
168.00  4.3453E-3
169.00  4.3845E-3
170.00  4.4197E-3
171.00  4.4529E-3
172.00  4.4803E-3
173.00  4.5077E-3
174.00  4.5292E-3
175.00  4.5487E-3
176.00  4.5644E-3
177.00  4.5761E-3
178.00  4.5839E-3
179.00  4.5898E-3