1.00  1.7958E+0
2.00  1.8050E+0
3.00  1.8199E+0
4.00  1.8396E+0
5.00  1.8629E+0
6.00  1.8887E+0
7.00  1.9155E+0
8.00  1.9417E+0
9.00  1.9654E+0
10.00  1.9869E+0
11.00  2.0006E+0
12.00  2.0104E+0
13.00  2.0123E+0
14.00  2.0045E+0
15.00  1.9888E+0
16.00  1.9654E+0
17.00  1.9310E+0
18.00  1.8885E+0
19.00  1.8377E+0
20.00  1.7790E+0
21.00  1.7135E+0
22.00  1.6421E+0
23.00  1.5659E+0
24.00  1.4857E+0
25.00  1.4028E+0
26.00  1.3179E+0
27.00  1.2324E+0
28.00  1.1470E+0
29.00  1.0625E+0
30.00  0.9796E+0
31.00  0.8988E+0
32.00  0.8208E+0
33.00  0.7461E+0
34.00  0.6749E+0
35.00  0.6072E+0
36.00  0.5439E+0
37.00  0.4844E+0
38.00  0.4295E+0
39.00  0.3786E+0
40.00  0.3325E+0
41.00  0.2906E+0
42.00  0.2531E+0
43.00  0.2198E+0
44.00  0.1909E+0
45.00  0.1660E+0
46.00  0.1448E+0
47.00  0.1272E+0
48.00  0.1127E+0
49.00  0.1012E+0
50.00  9.2109E-2
51.00  8.5127E-2
52.00  7.9808E-2
53.00  7.5780E-2
54.00  7.2631E-2
55.00  7.0030E-2
56.00  6.7683E-2
57.00  6.5376E-2
58.00  6.2970E-2
59.00  6.0409E-2
60.00  5.7690E-2
61.00  5.4796E-2
62.00  5.1765E-2
63.00  4.8577E-2
64.00  4.5174E-2
65.00  4.1537E-2
66.00  3.7704E-2
67.00  3.3754E-2
68.00  2.9882E-2
69.00  2.6381E-2
70.00  2.3585E-2
71.00  2.1805E-2
72.00  2.1257E-2
73.00  2.2040E-2
74.00  2.4034E-2
75.00  2.7026E-2
76.00  3.0781E-2
77.00  3.5103E-2
78.00  3.9972E-2
79.00  4.5624E-2
80.00  5.2567E-2
81.00  6.1465E-2
82.00  7.3061E-2
83.00  8.7904E-2
84.00  0.1063E+0
85.00  0.1278E+0
86.00  0.1517E+0
87.00  0.1765E+0
88.00  0.2003E+0
89.00  0.2210E+0
90.00  0.2368E+0
91.00  0.2466E+0
92.00  0.2497E+0
93.00  0.2468E+0
94.00  0.2396E+0
95.00  0.2306E+0
96.00  0.2229E+0
97.00  0.2200E+0
98.00  0.2249E+0
99.00  0.2394E+0
100.00  0.2648E+0
101.00  0.3002E+0
102.00  0.3434E+0
103.00  0.3909E+0
104.00  0.4383E+0
105.00  0.4803E+0
106.00  0.5128E+0
107.00  0.5317E+0
108.00  0.5351E+0
109.00  0.5225E+0
110.00  0.4961E+0
111.00  0.4598E+0
112.00  0.4193E+0
113.00  0.3813E+0
114.00  0.3534E+0
115.00  0.3430E+0
116.00  0.3561E+0
117.00  0.3974E+0
118.00  0.4695E+0
119.00  0.5726E+0
120.00  0.7038E+0
121.00  0.8585E+0
122.00  1.0296E+0
123.00  1.2091E+0
124.00  1.3877E+0
125.00  1.5561E+0
126.00  1.7057E+0
127.00  1.8287E+0
128.00  1.9194E+0
129.00  1.9732E+0
130.00  1.9908E+0
131.00  1.9693E+0
132.00  1.9116E+0
133.00  1.8230E+0
134.00  1.7084E+0
135.00  1.5737E+0
136.00  1.4258E+0
137.00  1.2715E+0
138.00  1.1172E+0
139.00  0.9686E+0
140.00  0.8305E+0
141.00  0.7068E+0
142.00  0.6002E+0
143.00  0.5126E+0
144.00  0.4445E+0
145.00  0.3958E+0
146.00  0.3655E+0
147.00  0.3524E+0
148.00  0.3544E+0
149.00  0.3696E+0
150.00  0.3958E+0
151.00  0.4310E+0
152.00  0.4733E+0
153.00  0.5204E+0
154.00  0.5714E+0
155.00  0.6244E+0
156.00  0.6784E+0
157.00  0.7326E+0
158.00  0.7860E+0
159.00  0.8380E+0
160.00  0.8884E+0
161.00  0.9369E+0
162.00  0.9829E+0
163.00  1.0267E+0
164.00  1.0680E+0
165.00  1.1065E+0
166.00  1.1425E+0
167.00  1.1759E+0
168.00  1.2068E+0
169.00  1.2350E+0
170.00  1.2608E+0
171.00  1.2840E+0
172.00  1.3050E+0
173.00  1.3234E+0
174.00  1.3392E+0
175.00  1.3527E+0
176.00  1.3636E+0
177.00  1.3722E+0
178.00  1.3783E+0
179.00  1.3820E+0