1.00  7.2025E-5
2.00  7.2416E-5
3.00  7.3003E-5
4.00  7.3707E-5
5.00  7.4352E-5
6.00  7.4841E-5
7.00  7.5017E-5
8.00  7.4743E-5
9.00  7.3922E-5
10.00  7.2494E-5
11.00  7.0382E-5
12.00  6.7625E-5
13.00  6.4242E-5
14.00  6.0311E-5
15.00  5.5950E-5
16.00  5.1276E-5
17.00  4.6426E-5
18.00  4.1537E-5
19.00  3.6726E-5
20.00  3.2131E-5
21.00  2.7848E-5
22.00  2.3937E-5
23.00  2.0436E-5
24.00  1.7391E-5
25.00  1.4773E-5
26.00  1.2567E-5
27.00  1.0736E-5
28.00  9.2343E-6
29.00  8.0160E-6
30.00  7.0304E-6
31.00  6.2325E-6
32.00  5.5793E-6
33.00  5.0376E-6
34.00  4.5761E-6
35.00  4.1713E-6
36.00  3.8076E-6
37.00  3.4751E-6
38.00  3.1622E-6
39.00  2.8689E-6
40.00  2.5931E-6
41.00  2.3350E-6
42.00  2.0944E-6
43.00  1.8688E-6
44.00  1.6613E-6
45.00  1.4741E-6
46.00  1.3136E-6
47.00  1.1892E-6
48.00  1.1123E-6
49.00  1.0922E-6
50.00  1.1309E-6
51.00  1.2205E-6
52.00  1.3380E-6
53.00  1.4481E-6
54.00  1.5093E-6
55.00  1.4872E-6
56.00  1.3754E-6
57.00  1.2185E-6
58.00  1.1370E-6
59.00  1.3435E-6
60.00  2.1512E-6
61.00  3.9562E-6
62.00  7.2181E-6
63.00  1.2393E-5
64.00  1.9869E-5
65.00  2.9901E-5
66.00  4.2495E-5
67.00  5.7377E-5
68.00  7.3844E-5
69.00  9.0896E-5
70.00  1.0715E-4
71.00  1.2097E-4
72.00  1.3065E-4
73.00  1.3458E-4
74.00  1.3161E-4
75.00  1.2127E-4
76.00  1.0427E-4
77.00  8.2781E-5
78.00  6.0897E-5
79.00  4.4959E-5
80.00  4.3942E-5
81.00  6.9541E-5
82.00  1.3650E-4
83.00  2.6244E-4
84.00  4.6817E-4
85.00  7.7657E-4
86.00  1.2136E-3
87.00  1.8066E-3
88.00  2.5833E-3
89.00  3.5748E-3
90.00  4.8108E-3
91.00  6.3185E-3
92.00  8.1255E-3
93.00  1.0259E-2
94.00  1.2741E-2
95.00  1.5592E-2
96.00  1.8829E-2
97.00  2.2470E-2
98.00  2.6498E-2
99.00  3.0938E-2
100.00  3.5788E-2
101.00  4.1048E-2
102.00  4.6680E-2
103.00  5.2703E-2
104.00  5.9059E-2
105.00  6.5747E-2
106.00  7.2748E-2
107.00  8.0004E-2
108.00  8.7513E-2
109.00  9.5218E-2
110.00  0.1031E+0
111.00  0.1111E+0
112.00  0.1192E+0
113.00  0.1273E+0
114.00  0.1355E+0
115.00  0.1436E+0
116.00  0.1517E+0
117.00  0.1597E+0
118.00  0.1676E+0
119.00  0.1753E+0
120.00  0.1828E+0
121.00  0.1902E+0
122.00  0.1973E+0
123.00  0.2042E+0
124.00  0.2108E+0
125.00  0.2173E+0
126.00  0.2233E+0
127.00  0.2290E+0
128.00  0.2345E+0
129.00  0.2396E+0
130.00  0.2445E+0
131.00  0.2489E+0
132.00  0.2533E+0
133.00  0.2572E+0
134.00  0.2607E+0
135.00  0.2640E+0
136.00  0.2671E+0
137.00  0.2699E+0
138.00  0.2722E+0
139.00  0.2744E+0
140.00  0.2765E+0
141.00  0.2781E+0
142.00  0.2797E+0
143.00  0.2810E+0
144.00  0.2820E+0
145.00  0.2830E+0
146.00  0.2836E+0
147.00  0.2841E+0
148.00  0.2845E+0
149.00  0.2849E+0
150.00  0.2849E+0
151.00  0.2849E+0
152.00  0.2849E+0
153.00  0.2847E+0
154.00  0.2845E+0
155.00  0.2841E+0
156.00  0.2838E+0
157.00  0.2834E+0
158.00  0.2828E+0
159.00  0.2824E+0
160.00  0.2818E+0
161.00  0.2812E+0
162.00  0.2806E+0
163.00  0.2800E+0
164.00  0.2795E+0
165.00  0.2789E+0
166.00  0.2783E+0
167.00  0.2777E+0
168.00  0.2773E+0
169.00  0.2767E+0
170.00  0.2763E+0
171.00  0.2757E+0
172.00  0.2753E+0
173.00  0.2752E+0
174.00  0.2748E+0
175.00  0.2746E+0
176.00  0.2742E+0
177.00  0.2742E+0
178.00  0.2740E+0
179.00  0.2740E+0